model_1.pth
[50.0, 50.0, 50.0, 50.0, 50.1, 50.1, 50.1, 50.1, 50.4, 50.8, 51.6, 52.5, 54.3, 56.9, 59.6, 62.5, 65.5, 67.1, 70.0, 73.4, 73.8, 75.8, 78.1, 79.1, 78.6, 78.6, 77.2, 77.7, 76.7, 75.4, 74.4, 73.7, 72.3, 71.1, 69.5, 67.2, 65.9, 64.9, 63.4, 62.2, 61.4, 60.6, 59.7, 58.8]
model_2.pth
[50.0, 50.0, 50.0, 50.0, 50.0, 50.2, 50.5, 51.0, 52.5, 54.1, 56.3, 58.7, 62.4, 65.7, 70.6, 73.1, 74.6, 77.4, 78.8, 80.0, 79.6, 78.6, 78.0, 77.5, 74.9, 73.5, 71.6, 69.7, 67.9, 65.8, 63.6, 62.1, 60.7, 59.1, 58.1, 56.8, 55.9, 54.6, 54.2, 53.5, 53.5, 53.4, 52.6, 52.0]
model_3.pth
[50.0, 50.0, 50.0, 50.0, 50.0, 50.0, 50.2, 50.6, 51.5, 52.7, 54.5, 56.3, 59.4, 62.6, 65.5, 68.8, 71.7, 74.1, 77.4, 80.0, 80.9, 82.1, 81.4, 82.0, 81.0, 80.3, 79.0, 78.4, 77.0, 75.1, 73.5, 72.0, 70.1, 68.3, 66.3, 64.9, 62.3, 60.9, 58.9, 57.7, 57.0, 55.8, 55.1, 53.9]
model_4.pth
[50.0, 50.0, 50.0, 50.0, 50.1, 50.2, 50.3, 50.6, 51.0, 51.8, 53.4, 55.1, 57.3, 59.8, 62.3, 65.0, 68.2, 70.5, 73.4, 75.6, 76.8, 78.3, 80.5, 81.6, 82.2, 82.2, 82.0, 80.4, 80.0, 79.6, 78.9, 78.1, 76.6, 75.1, 74.0, 73.1, 72.4, 70.7, 69.2, 68.3, 66.7, 65.0, 63.6, 62.3]
model_5.pth
[50.0, 50.0, 50.0, 50.0, 50.0, 50.1, 50.4, 50.8, 51.3, 53.1, 55.3, 57.5, 59.4, 62.3, 65.2, 68.3, 70.9, 73.8, 76.1, 77.0, 78.7, 78.6, 78.6, 77.9, 77.2, 75.8, 75.1, 73.3, 72.0, 70.6, 70.3, 68.1, 66.9, 65.2, 63.7, 62.7, 61.5, 60.7, 59.1, 58.0, 57.0, 55.9, 55.3, 54.9]
model_6.pth
[50.0, 50.0, 50.0, 50.0, 50.0, 50.2, 50.5, 51.1, 51.4, 53.6, 55.6, 59.1, 60.8, 63.5, 66.2, 68.9, 71.4, 73.3, 76.7, 78.4, 80.6, 82.1, 82.5, 82.1, 81.3, 80.3, 79.9, 78.7, 77.7, 75.8, 74.9, 73.4, 72.2, 71.0, 69.1, 67.1, 65.9, 64.5, 64.3, 62.4, 61.4, 60.2, 58.6, 57.8]
model_7.pth
[50.0, 50.0, 50.0, 50.0, 50.1, 50.4, 50.9, 51.6, 52.5, 54.5, 56.6, 59.3, 62.3, 66.3, 68.4, 72.5, 75.8, 77.6, 80.7, 82.0, 82.4, 83.1, 81.9, 81.3, 81.4, 80.6, 78.5, 76.8, 75.7, 73.8, 72.3, 70.7, 69.1, 67.3, 66.8, 64.8, 63.5, 62.2, 61.2, 59.9, 57.9, 56.4, 55.8, 54.9]
model_8.pth
[50.0, 50.0, 50.0, 50.0, 50.0, 50.5, 50.9, 51.9, 52.7, 54.5, 57.0, 60.1, 62.7, 65.9, 69.2, 72.0, 75.0, 76.8, 79.4, 80.3, 81.2, 81.7, 81.4, 82.1, 80.9, 79.1, 78.6, 77.0, 75.7, 75.5, 73.9, 71.7, 69.9, 68.3, 67.0, 65.9, 63.6, 61.2, 60.2, 58.7, 58.0, 56.7, 56.1, 54.7]
model_9.pth
[50.0, 50.0, 50.0, 50.0, 50.0, 50.1, 50.2, 50.7, 52.0, 52.6, 54.4, 57.1, 59.5, 62.4, 65.5, 68.3, 70.7, 73.6, 75.3, 78.0, 80.4, 81.0, 82.3, 82.3, 82.2, 81.8, 81.3, 81.5, 80.1, 78.7, 77.4, 76.0, 75.1, 73.3, 71.6, 70.3, 69.2, 67.9, 67.2, 66.3, 65.2, 64.5, 63.7, 62.7]
model_10.pth
[50.0, 50.0, 50.0, 50.0, 50.0, 50.5, 50.7, 51.0, 51.8, 52.7, 53.8, 56.6, 58.7, 61.9, 66.0, 69.4, 72.3, 74.2, 77.1, 79.1, 79.9, 81.9, 82.4, 82.4, 82.5, 82.7, 81.6, 80.3, 79.8, 78.7, 77.5, 75.8, 74.5, 73.0, 71.4, 69.9, 69.2, 67.1, 65.9, 65.3, 64.2, 62.9, 62.2, 61.0]
model_11.pth
[50.0, 50.0, 50.0, 50.0, 50.0, 50.3, 50.6, 51.6, 52.8, 54.4, 57.0, 60.6, 64.0, 66.7, 69.4, 72.4, 74.8, 76.7, 79.1, 81.0, 81.7, 82.2, 82.3, 82.5, 82.3, 81.6, 79.9, 79.4, 77.6, 75.9, 74.0, 72.8, 71.8, 70.9, 70.1, 68.9, 66.2, 64.6, 63.6, 63.1, 62.2, 61.4, 60.4, 59.4]
model_12.pth
[50.0, 50.0, 50.0, 50.0, 50.2, 50.3, 50.7, 51.8, 53.6, 56.0, 58.5, 61.7, 64.5, 68.2, 71.6, 75.0, 77.4, 79.2, 82.0, 82.8, 81.9, 81.1, 80.5, 79.0, 77.6, 75.5, 74.7, 72.8, 70.9, 69.6, 67.3, 65.5, 64.2, 62.9, 61.2, 60.4, 59.9, 58.9, 58.2, 57.3, 56.0, 55.1, 54.3, 53.5]
model_13.pth
[50.0, 50.0, 50.0, 50.0, 50.3, 50.7, 51.1, 52.2, 54.5, 58.0, 61.5, 65.0, 67.1, 70.8, 74.8, 78.4, 80.5, 81.8, 82.5, 82.5, 83.2, 82.4, 81.1, 79.2, 77.3, 75.3, 74.1, 73.4, 72.1, 70.0, 67.8, 65.6, 63.5, 62.7, 61.0, 60.0, 59.2, 57.2, 56.2, 55.3, 54.6, 53.6, 53.0, 52.6]
model_14.pth
[50.0, 50.0, 50.0, 50.0, 50.1, 50.3, 50.7, 51.7, 53.4, 56.4, 59.0, 62.2, 66.6, 72.6, 74.9, 77.5, 80.2, 82.3, 82.8, 84.2, 84.3, 83.4, 82.2, 81.7, 81.2, 79.8, 78.8, 77.2, 75.5, 73.6, 72.0, 71.4, 69.2, 67.1, 64.6, 62.6, 61.4, 60.6, 59.7, 58.5, 57.2, 56.0, 55.2, 54.6]
model_15.pth
[50.0, 50.0, 50.0, 50.0, 50.1, 50.3, 50.5, 51.4, 52.7, 54.4, 56.8, 59.6, 64.0, 67.2, 70.2, 73.6, 77.0, 80.1, 81.3, 82.3, 83.6, 82.5, 82.2, 82.3, 81.2, 81.4, 80.6, 79.1, 78.1, 76.7, 76.0, 74.8, 73.1, 71.6, 70.6, 69.7, 69.0, 67.5, 66.3, 64.4, 63.2, 62.3, 60.9, 59.9]

Thresholds [50.0, 50.0, 50.0, 50.0, 50.0, 50.1, 50.2, 50.7, 52.0, 52.6, 54.4, 57.1, 59.5, 62.4, 65.5, 68.3, 70.7, 73.6, 75.3, 78.0, 80.4, 81.0, 82.3, 82.3, 82.2, 81.8, 81.3, 81.5, 80.1, 78.7, 77.4, 76.0, 75.1, 73.3, 71.6, 70.3, 69.2, 67.9, 67.2, 66.3, 65.2, 64.5, 63.7, 62.7]

Process finished with exit code 0
